yawAngleDrone=pi/2;
selectedLines=[129    39   206    32    85    49; 218   133   222   214    -3   210];
droneInPitch=1;
numOutOfBoundLines=2;
worldModelOuterLines=[1 0 2 12.32 4.712;2 0 1 7.566 3.142;3 1 2 0.3483 1.571; 4 1 1 0.5978 3.142];
thetaCamX=58*pi/180;
height=1.8;
frameProperties=[240 320];
lineWidth=1;
% frame1=imread('f1.jpg');
% frame2=imresize(frame1,[480 640]);
% ballPosition=[128 240];
ballPosition=[240 320];